1.0 -4993.02857143 0.0231653877571 2498.22142857 0.00157467346974
1.1 -4985.22857143 0.0421657040804 2496.22857143 0.0028292755106
1.2 -4971.31428571 0.0811293854227 2492.50714286 0.00605565655988
1.3 -4948.0 0.138327819549 2486.24285714 0.0105266573576
1.4 -4917.31428571 0.217348778497 2477.74285714 0.0181775291189
1.5 -4870.22857143 0.303002330241 2463.83571429 0.0288987286641
1.6 -4805.25714286 0.441552312636 2444.82142857 0.0452709140254
1.7 -4724.81428571 0.585135769796 2418.59285714 0.0646166281631
1.8 -4618.48571429 0.816363243743 2382.3 0.111452862533
1.9 -4484.41428571 1.22893710058 2330.53571429 0.212004531706
2.0 -4298.34285714 1.72196739675 2244.23571429 0.695025686268
2.1 -4066.87142857 2.02257718367 2122.68571429 1.1154364503
2.2 -3691.88571429 3.93459529545 1789.71428571 6.02734543171
2.3 -3214.35714286 4.81567437575 743.021428571 56.1291538712
2.4 -2877.5 2.34018096579 341.528571429 7.4526952791
2.6 -2667.02857143 1.91889516161 283.492857143 6.65549103447
2.7 -2486.42857143 1.63428535383 176.014285714 2.94355915293
2.8 -2325.57142857 1.25207736735 178.707142857 2.0290429926
2.9 -2183.27142857 1.27852932481 150.485714286 1.88881040177
3.0 -2082.8 1.15291513621 140.207142857 1.51813168747
3.1 -1974.68571429 0.98436349828 126.707142857 1.25870240105
3.2 -1893.47142857 0.853263654836 112.085714286 0.886285905945
3.3 -1810.01428571 1.04425814049 106.335714286 0.713822328464
3.4 -1727.97142857 0.911036171595 102.614285714 0.64239918284
3.5 -1666.2 0.820888192362 100.185714286 0.796248259446
3.6 -1597.58571429 0.815626570644 93.0357142857 0.535617110479
3.7 -1546.88571429 0.826231427808 97.2142857143 0.640280949838
3.8 -1488.42857143 0.939707176252 90.7714285714 0.497086126902
3.9 -1440.92857143 0.770391992053 92.2785714286 0.449460504064
4.0 -1400.04285714 0.607594102041 83.15 0.37763775
