1.0 -4617.81428571 0.995917632653 2.0 0.0
1.1 -4627.82857143 0.0748507755105 2.0 0.0
1.2 -4612.92857143 0.144539043732 2.0 0.0
1.3 -4576.82857143 0.200287269603 2.0 0.0
1.4 -4542.5 0.264587108014 2.0 0.0
1.5 -4524.37142857 0.408404148423 2.0 0.0
1.6 -4475.04285714 0.652208665218 2.0 0.0
1.7 -4395.55714286 0.541362956734 2.0 0.0
1.8 -4275.3 1.0029707062 2.0 0.0
1.9 -4136.58571429 1.09699301895 2.0 0.0
2.0 -3921.68571429 2.41965631823 2.0 0.0
2.1 -3682.84285714 2.40907482686 2.0 0.0
2.2 -3426.52857143 2.0924575686 2.0 0.0
2.3 -3077.58571429 2.35313307443 2.0 0.0
2.4 -2839.4 1.78340033803 2.0 0.0
2.6 -2652.37142857 2.18638578709 2.0 0.0
2.7 -2469.45714286 1.65491189398 2.0 0.0
2.8 -2321.11428571 1.39821653469 2.0 0.0
2.9 -2182.91428571 1.34233659798 2.0 0.0
3.0 -2067.94285714 1.10512115425 2.0 0.0
3.1 -1969.47142857 1.2438410814 2.0 0.0
3.2 -1881.81428571 0.969698011535 2.0 0.0
3.3 -1796.14285714 1.00913122234 2.0 0.0
3.4 -1712.02857143 0.915378562266 2.0 0.0
3.5 -1649.5 0.747227864215 2.0 0.0
3.6 -1580.05714286 0.754369306122 2.0 0.0
3.7 -1540.48571429 0.67716662674 2.0 0.0
3.8 -1489.07142857 0.853367773655 2.0 0.0
3.9 -1442.04285714 0.684760569984 2.0 0.0
4.0 -1391.25714286 0.738070530612 2.0 0.0
